function [gsp, w, n] = get_gauss_points_area_represent(dim, order)
    if dim == 3
        [gsp, w, n] = get_gauss_points_area_represent3d(order);
    elseif dim == 2
        [gsp, w, n] = get_gpar2d(order);
    elseif dim == 1
        error('This function will be done soon!!!');
    else
        error('get_gauss_points_area_represent: dim must be in [1, 2, 3]');
    end
    
end
function [gsp, w, n] = get_gauss_points_area_represent3d(order)
    if order == 1
        p = [0.25, 0.25, 0.25, 0.25]';
        gsp = p;
        w = 1;
        n = 1;
    elseif order == 2
        p = [0.5854101966249685, 0.1381966011250105, 0.1381966011250105, ...
              0.1381966011250105]';
        p_ = [p, p([2, 1, 3, 4]), p([3, 2, 1, 4]), p([4, 2, 3, 1])];
        w_ = [0.25, 0.25, 0.25, 0.25];
        n = 4;
        w = w_;
        gsp = p_;
    elseif order == 3
        p = [0.25, 0.25, 0.25, 0.25; 0.5, 1/6, 1/6, 1/6; ...
             1/6, 0.5, 1/6, 1/6; 1/6, 1/6, 0.5, 1/6; 1/6, 1/6, 1/6, 0.5;]';
        w = [-0.8, 0.45, 0.45, 0.45, 0.45];
        gsp = p;
        n = 5;
    elseif order == 4
        gsp = [0.25, 0.25, 0.25, 0.25;
            0.785714285714286, 0.071428571428571, 0.071428571428571, 0.071428571428571;
            0.071428571428571, 0.785714285714286, 0.071428571428571, 0.071428571428571;
            0.071428571428571, 0.071428571428571, 0.785714285714286, 0.071428571428571;
            0.071428571428571, 0.071428571428571, 0.071428571428571, 0.785714285714286;
            0.399403576166799, 0.399403576166799, 0.100596423833201, 0.100596423833201;
            0.399403576166799, 0.100596423833201, 0.399403576166799, 0.100596423833201;
            0.399403576166799, 0.100596423833201, 0.100596423833201, 0.399403576166799;
            0.100596423833201, 0.399403576166799, 0.399403576166799, 0.100596423833201;
            0.100596423833201, 0.399403576166799, 0.100596423833201, 0.399403576166799;
            0.100596423833201, 0.100596423833201, 0.399403576166799, 0.399403576166799;]';
        w = 6*[-0.013155555555556, 0.007622222222222, 0.007622222222222, 0.007622222222222, 0.007622222222222,...
              0.024888888888889, 0.024888888888889, 0.024888888888889, 0.024888888888889, 0.024888888888889, 0.024888888888889];
        n = 11;
    else
        error('get_gauss_points_area_represent::n > 4 has not implement!!!');
    end
end

function [gsp, w, n] = get_gpar2d(order)
    if order==1
        gsp = [1/3, 1/3, 1/3]';
        w = 1;
        n = 1;
        % G = [0.333333333333333	0.3333333333333333	1.00000000000000];
    elseif order==2
        gsp = [ 1/6, 1/6, 2/3;
                2/3, 1/6, 1/6;
                1/6, 1/6, 2/3]';
        w = [1/3, 1/3, 1/3];
        n = 3;
%         G = [0.6666666666666667	0.1666666666666667 0.333333333333333
%              0.1666666666666667	0.6666666666666667 0.333333333333333
%              0.1666666666666667	0.1666666666666667 0.333333333333333];
    elseif order==3
        gsp = [1/3, 1/3, 1/3;
               3/5, 1/5, 1/5;
               1/5, 3/5, 1/5;
               1/5, 1/5, 3/5;]';
        w = [-0.562500000000000, 0.5208333333333333, 0.5208333333333333, 0.5208333333333333];
        n = 4;
           
%         G = [0.3333333333333333 0.3333333333333333 -0.562500000000000
%              0.6000000000000000	0.2000000000000000 0.5208333333333333
%              0.2000000000000000	0.6000000000000000 0.5208333333333333
%              0.2000000000000000	0.2000000000000000 0.5208333333333333];
    elseif order==4
        gsp = [0.816847572980460   0.091576213509770   0.091576213509770
               0.091576213509770   0.816847572980460   0.091576213509770
               0.091576213509770   0.091576213509770   0.816847572980460
               0.108103018168070   0.445948490915970   0.445948490915960
               0.445948490915970   0.108103018168070   0.445948490915960
               0.445948490915970   0.445948490915970   0.108103018168060]';
        w = [0.10995174365532, 0.10995174365532, 0.10995174365532, ...
             0.22338158967801, 0.22338158967801, 0.22338158967801];
        n = 6;
%         G = [0.81684757298046	0.09157621350977	0.10995174365532
%              0.09157621350977	0.81684757298046	0.10995174365532
%              0.09157621350977	0.09157621350977	0.10995174365532
%              0.10810301816807	0.44594849091597	0.22338158967801
%              0.44594849091597   0.10810301816807	0.22338158967801
%              0.44594849091597	0.44594849091597	0.22338158967801];
              
    else
        error('Bad input n');
    end
end